stable-fences-v1 38
# Ultima7Remake stall and paddock fence edges (kind 5): cell x, cell y, side (0 north, 1 east, 2 south, 3 west edge)
655 1224 0
655 1226 0
655 1228 0
656 1224 0
656 1226 0
656 1228 0
657 1224 0
657 1226 0
657 1228 0
658 1224 0
658 1226 0
658 1228 0
664 1208 0
664 1216 3
665 1208 0
666 1208 0
666 1224 0
666 1226 0
666 1228 0
667 1208 0
667 1224 0
667 1226 0
667 1228 0
668 1208 0
668 1224 0
668 1226 0
668 1228 0
669 1208 0
670 1208 0
671 1208 3
671 1209 3
671 1210 3
671 1211 3
671 1212 3
671 1213 3
671 1214 3
671 1215 3
671 1216 3
