tool-catalog-v2 18
300001 0 660.50 1223.50 -54.5 4.28 0
300002 1 660.33 1229.70 -41.3 4 0
300003 2 667.68 1229.48 137.2 4.61 0
300004 3 655.71 1230.43 20 1 0.758
300005 3 656.10 1230.03 -30 1 0.758
300006 3 656.56 1230.46 110 1 0.758
300007 3 657.01 1230.06 160 1 0.758
300008 3 668.00 1218.80 -70 1 0.788
300009 3 668.35 1219.15 15 1 0.788
300010 3 668.05 1219.40 150 1 0.788
300011 4 667.80 1219.15 95 1 0.78
300012 5 661.84 1225.45 20 1.6 0
300013 5 664.34 1225.45 -60 1.6 0
300014 5 661.34 1227.95 110 1.6 0
300015 5 664.25 1227.95 170 1.6 0
300017 6 656.35 1218.25 25 1 0.8
300019 7 658.40 1218.30 30 1 0
300020 8 657.65 1218.55 -20 1 0.8
